[gd_scene format=3 uid="uid://dl37rbmvhcxkw"]

[ext_resource type="Environment" uid="uid://4nd2xkar5b3u" path="res://entities/env_lightning/ingame_env.tres" id="1_gxhxh"]
[ext_resource type="PackedScene" uid="uid://5mgb2l278x3l" path="res://entities/player_3d/player_3d.tscn" id="2_27ww1"]
[ext_resource type="PackedScene" uid="uid://c18tc2son874o" path="res://level/3d_cabin/cabin_amueblada.tscn" id="3_27ww1"]
[ext_resource type="Texture2D" uid="uid://cm5kkk16rphha" path="res://assets/textures/goods.png" id="4_gxhxh"]

[sub_resource type="FogMaterial" id="FogMaterial_11ijd"]
density = 1.254
albedo = Color(0.55122495, 0.6738945, 0.9313169, 1)

[node name="Nivel1" type="Node3D" unique_id=1505825485]

[node name="WorldEnvironment" type="WorldEnvironment" parent="." unique_id=1135325726]
environment = ExtResource("1_gxhxh")

[node name="Player" parent="." unique_id=2146257891 instance=ExtResource("2_27ww1")]
transform = Transform3D(-0.98934335, 0.018996367, 0.1443562, 0.019197442, 0.9998158, 0, -0.1443296, 0.0027712702, -0.9895258, -5.2092004, 0.2677753, 4.207436)

[node name="FogVolume" type="FogVolume" parent="." unique_id=989422566]
transform = Transform3D(1, 0, 0, 0, 1, 0, 0, 0, 1, 0, 0, 3.8679752)
size = Vector3(16.08, 0.19, 24.17)
material = SubResource("FogMaterial_11ijd")

[node name="FogVolume2" type="FogVolume" parent="." unique_id=1664138319]
transform = Transform3D(1, 0, 0, 0, 1, 0, 0, 0, 1, 0, -2.475937, 3.8679752)
size = Vector3(16.08, 0.19, 24.17)
material = SubResource("FogMaterial_11ijd")

[node name="Cabin" parent="." unique_id=293068168 instance=ExtResource("3_27ww1")]

[node name="Red_Exit_Light" type="SpotLight3D" parent="." unique_id=381258039]
transform = Transform3D(-0.26986942, 0.79368573, 0.5451912, 0.24455619, -0.49113658, 0.83604854, 0.9313232, 0.35895383, -0.06155801, -7.0945296, 2.282713, -1.5727593)
light_color = Color(0.6189329, 1.732707e-06, 3.85046e-07, 1)
light_energy = 1.805
light_volumetric_fog_energy = 16.0
spot_range = 2.637
spot_attenuation = -2.53
spot_angle = 25.36
spot_angle_attenuation = 0.029157264

[node name="Red_Exit_Light2" type="SpotLight3D" parent="." unique_id=1700811883]
transform = Transform3D(-0.36329567, 0.927523, -0.08784843, 0.025562957, 0.10417904, 0.99423, 0.9313232, 0.35895377, -0.061558023, 0.0319252, -0.6054597, -0.69119704)
light_color = Color(0.6189329, 1.732707e-06, 3.85046e-07, 1)
light_energy = 1.805
light_volumetric_fog_energy = 6.292
spot_attenuation = -1.13

[node name="Red_Exit_Light3" type="SpotLight3D" parent="." unique_id=2022232282]
transform = Transform3D(-0.36329567, 0.927523, -0.08784843, 0.025562957, 0.10417904, 0.99423, 0.9313232, 0.35895377, -0.061558023, 0.0319252, -0.6054597, 7.9907646)
light_color = Color(0.6189329, 1.732707e-06, 3.85046e-07, 1)
light_energy = 1.805
light_volumetric_fog_energy = 6.292
spot_attenuation = -1.13

[node name="Red_Exit_Light8" type="SpotLight3D" parent="." unique_id=1482100835]
transform = Transform3D(-0.36329567, 0.927523, -0.08784843, 0.15693323, 0.15386538, 0.9755498, 0.9183619, 0.34062675, -0.20145783, 0.0319252, -0.6054597, 15.27793)
light_color = Color(0.6189329, 1.732707e-06, 3.85046e-07, 1)
light_energy = 1.805
light_volumetric_fog_energy = 6.292
spot_attenuation = -2.63

[node name="Red_Exit_Light4" type="SpotLight3D" parent="." unique_id=536476188]
transform = Transform3D(-0.36329567, 0.927523, -0.08784843, 0.025562957, 0.10417904, 0.99423, 0.9313232, 0.35895377, -0.061558023, 7.4669, -0.6054597, -0.69119704)
light_color = Color(0.6189329, 1.732707e-06, 3.85046e-07, 1)
light_energy = 1.805
light_volumetric_fog_energy = 6.292
spot_attenuation = -1.13

[node name="Red_Exit_Light5" type="SpotLight3D" parent="." unique_id=1061994547]
transform = Transform3D(-0.36329567, 0.927523, -0.08784843, 0.025562957, 0.10417904, 0.99423, 0.9313232, 0.35895377, -0.061558023, 7.4669, -0.6054597, 7.9907646)
light_color = Color(0.6189329, 1.732707e-06, 3.85046e-07, 1)
light_energy = 1.805
light_volumetric_fog_energy = 6.292
spot_attenuation = -1.13

[node name="Red_Exit_Light6" type="SpotLight3D" parent="." unique_id=1262489648]
transform = Transform3D(-0.36329567, 0.927523, -0.08784843, 0.025562957, 0.10417904, 0.99423, 0.9313232, 0.35895377, -0.061558023, -7.66924, -0.6054597, -0.69119704)
light_color = Color(0.6189329, 1.732707e-06, 3.85046e-07, 1)
light_energy = 1.805
light_volumetric_fog_energy = 6.292
spot_attenuation = -1.13

[node name="Red_Exit_Light7" type="SpotLight3D" parent="." unique_id=769766712]
transform = Transform3D(-0.36329567, 0.927523, -0.08784843, 0.025562957, 0.10417904, 0.99423, 0.9313232, 0.35895377, -0.061558023, -7.66924, -0.6054597, 7.9907646)
light_color = Color(0.6189329, 1.732707e-06, 3.85046e-07, 1)
light_energy = 1.805
light_volumetric_fog_energy = 6.292
spot_attenuation = -1.13

[node name="BasementLight" type="OmniLight3D" parent="." unique_id=1502080244]
transform = Transform3D(1, 0, 0, 0, 1, 0, 0, 0, 1, -3.4045157, -1.5128889, -7.148869)
light_color = Color(0.61960787, 0, 0, 1)
omni_attenuation = -0.545

[node name="OmniLight3D" type="OmniLight3D" parent="." unique_id=1382341819]
transform = Transform3D(1, 0, 0, 0, 1, 0, 0, 0, 1, 3.5500827, 1.0782483, 8.33907)
light_color = Color(0, 1, 0, 1)
light_energy = 16.0
omni_range = 0.1
omni_attenuation = 1.69

[node name="OmniLight3D5" type="OmniLight3D" parent="." unique_id=402554536]
transform = Transform3D(1, 0, 0, 0, 1, 0, 0, 0, 1, -4.4202833, 0.9837587, 13.509944)
light_color = Color(0, 1, 0, 1)
light_energy = 16.0
omni_range = 0.1
omni_attenuation = 1.69

[node name="OmniLight3D4" type="OmniLight3D" parent="." unique_id=1139245063]
transform = Transform3D(1, 0, 0, 0, 1, 0, 0, 0, 1, -5.0051064, 0.88486254, 9.122515)
light_color = Color(0, 1, 0, 1)
light_energy = 16.0
omni_range = 0.1
omni_attenuation = 1.69

[node name="OmniLight3D2" type="OmniLight3D" parent="." unique_id=1754173726]
transform = Transform3D(1, 0, 0, 0, 1, 0, 0, 0, 1, 2.549757, 1.0782483, 6.1386843)
light_color = Color(0, 1, 0, 1)
light_energy = 16.0
omni_range = 0.1
omni_attenuation = 1.69

[node name="OmniLight3D3" type="OmniLight3D" parent="." unique_id=2054339464]
transform = Transform3D(1, 0, 0, 0, 1, 0, 0, 0, 1, 7.5763454, 1.4242034, -3.969538)
light_color = Color(0, 1, 0, 1)
light_energy = 16.0
omni_range = 0.1
omni_attenuation = 1.69

[node name="Sprite3D" type="Sprite3D" parent="." unique_id=79574776]
transform = Transform3D(-6.5567074e-10, 0, 0.014999998, 0, 0.014999999, 0, -0.014999998, 0, -6.5567074e-10, -7.28295, 1.442129, 7.130961)
billboard = 1
texture = ExtResource("4_gxhxh")

[node name="CSGBox3D" type="CSGBox3D" parent="." unique_id=947840378]
transform = Transform3D(1, 0, 0, 0, 1, 0, 0, 0, 1, 0.07924557, -0.18170786, 3.977192)
flip_faces = true
size = Vector3(16.210571, 4.8473816, 24.234497)
